100.0
695 647
245 733
805 867
637 294
871 616
306 519
692 521
509 610
834 236
521 836
166 137
355 133
284 170
963 713
839 692
563 432
17 895
639 704
881 244
83 383
507 637
630 917
993 223
256 639
767 990
735 447
797 206
735 506
610 748
960 297
273 311
351 711
533 929
561 494
168 761
932 356
744 2
506 387
154 290
654 644
383 559
621 287
664 73
638 267
68 302
566 208
209 131
999 234
52 110
590 809
365 623
801 986
318 380
20 672
688 261
26 561
314 32
979 186
580 439
445 845
128 42
953 173
593 635
5 520
992 586
930 453
745 784
480 669
913 536
937 797
665 287
212 586
995 4
375 423
906 779
378 646
965 196
642 427
267 379
0 382
585 492
791 877
371 714
260 893
485 449
469 858
270 837
975 451
815 26
797 940
523 127
17 103
44 940
207 909
587 752
449 693
451 187
875 635
730 510
721 427
98 321
276 501
758 382
619 877
321 939
424 615
236 309
488 457
64 719
713 79
913 889
656 958
998 641
62 325
813 839
652 445
760 465
957 933
252 652
612 967
549 529
770 212
521 512
870 500
62 144
945 978
839 927
869 494
192 685
589 172
706 922
377 708
337 560
952 1
717 945
731 361
961 363
181 717
659 124
333 738
959 758
816 511
677 163
958 750
559 237
264 521
990 439
585 633
654 225
504 860
66 27
972 683
833 877
777 620
87 202
159 130
314 583
86 303
664 982
677 613
800 463
840 874
981 659
129 854
883 874
498 998
200 130
318 391
517 605
565 739
741 987
992 220
34 830
925 670
715 86
18 976
271 111
608 346
379 40
370 683
399 81
723 669
925 812
947 98
903 757
969 945
314 30
83 693
478 42
437 754
912 986
967 663
147 775
402 461
65 566
287 132
553 610
886 219
368 371
387 597
218 580
496 396
261 372
640 430
369 530
129 836
278 887
811 459
175 819
704 942
30 839
689 388
358 672
234 283
727 127
52 898
218 325
377 366
990 706
74 89
756 833
9 81
719 963
823 182
571 20
557 844
473 12
61 304
482 322
817 272
6 427
939 962
359 736
540 463
392 805
282 785
668 242
102 755
661 801
901 736
648 75
26 822
818 274
583 169
110 908
702 289
874 846
620 52
280 84
823 254
402 334
145 501
914 246
761 944
300 73
68 530
987 530
371 248
203 876
289 379
76 498
576 202
714 751
847 112
776 764
196 578
263 139
936 806
430 808
908 778
55 958
859 628
28 66
832 278
659 839
188 709
435 762
342 728
312 254
346 933
221 419
561 450
338 470
788 559
625 230
831 602
289 582
984 717
467 384
435 844
965 124
895 729
490 476
947 746
456 957
582 42
739 749
404 861
233 311
969 915
993 175
855 509
58 969
525 943
124 303
610 515
886 645
906 683
260 932
907 937
192 268
132 773
861 225
30 739
214 570
222 889
709 886
254 432
911 492
543 428
594 513
677 650
150 855
478 344
543 991
995 754
74 270
354 204
57 278
290 81
353 17
524 675
336 981
357 416
508 252
237 439
825 494
629 166
732 309
77 55
472 598
5 581
396 676
632 61
906 572
678 589
696 418
58 381
999 779
348 684
187 435
243 8
232 443
889 985
660 765
238 504
510 284
128 682
817 672
886 787
474 672
220 832
608 549
695 324
498 152
249 781
485 257
935 460
387 76
899 568
440 196
654 578
113 778
287 577
821 635
969 838
287 451
143 113
751 933
560 328
18 758
776 724
647 637
127 818
730 544
806 480
507 163
320 502
60 708
692 381
237 245
670 633
534 933
789 753
113 318
328 822
270 146
305 379
536 356
202 898
232 456
666 306
916 19
158 684
548 507
673 88
343 640
22 271
993 442
203 861
149 175
710 807
692 182
654 926
231 711
777 959
755 927
881 89
800 350
796 315
649 94
699 126
386 171
848 10
655 125
570 277
567 259
478 819
958 77
307 599
408 781
229 643
915 7
179 351
24 128
39 312
321 941
527 283
384 951
80 1
857 85
517 348
566 698
294 405
23 86
166 597
142 673
70 722
937 170
560 538
216 871
345 669
14 659
390 58
660 121
720 805
657 647
934 260
382 757
298 273
117 255
185 948
204 393
314 213
327 695
23 610
918 648
274 629
463 492
857 561
706 991
853 477
355 359
972 671
521 72
863 745
909 459
778 267
970 922
271 516
361 393
964 47
30 898
797 506
843 516
740 548
761 861
232 935
271 173
601 261
355 346
182 842
421 970
890 165
517 145
12 6
706 832
534 226
666 798
301 250
